-0.0124718 1.40027e-005 -1.73606e-005 3.392e-006 1.72821e-005 1.18024e-005 -1.8445e-005 9.73118e-006 -1.76342e-005 6.18952e-006 -1.68074e-005 1.15201e-005 1.35713e-005 -2.60815e-006 4.43152e-006 2.02882e-006 3.91419e-006 1.69754e-005 -1.77128e-005 -1.93405e-005 
-1.77082e-005 -9.71162e-006 -1.38577e-005 -1.52713e-005 1.40665e-005 -1.88891e-006 -1.53973e-005 9.36369e-006 -2.24049e-007 -9.8052e-006 1.88954e-005 8.88279e-006 1.10022e-005 1.69818e-005 -1.23534e-005 4.68772e-006 -2.23965e-006 1.4e-006 -1.56653e-005 8.66263e-006 
-7.39994e-006 1.78602e-005 -5.20526e-007 -1.01069e-005 -5.67075e-006 -8.78244e-006 -1.25559e-005 -1.62401e-005 1.21009e-005 -1.49998e-005 4.95398e-006 -1.4364e-005 -1.32953e-006 -4.48347e-006 2.77897e-006 6.98771e-006 5.34632e-006 8.02249e-006 -5.62815e-007 1.8674e-005 
-1.49832e-005 -1.07125e-005 -1.01884e-005 8.98869e-006 -2.25781e-007 -1.46591e-006 -1.28089e-005 -1.80477e-005 1.21992e-005 -1.4699e-005 -1.80999e-005 -1.01189e-005 1.0659e-005 7.01418e-006 5.11958e-006 6.80048e-006 -1.37881e-005 -7.16285e-007 6.66387e-006 -1.71763e-005 
-7.9377e-006 1.64818e-006 6.70114e-006 1.93669e-005 -3.57795e-006 1.60599e-006 1.10766e-005 -1.10605e-005 -1.92827e-005 -9.16851e-006 -4.5611e-006 -1.22732e-005 -1.48697e-005 -8.60668e-006 1.52056e-006 -1.06319e-005 1.31731e-005 1.38969e-005 -2.12146e-005 -1.58918e-005 
8.42918e-006 -1.13031e-005 -9.66371e-006 -8.98767e-006 -1.44658e-005 -1.60332e-005 1.76228e-005 1.61676e-005 2.78768e-006 -2.9234e-006 -7.32394e-006 -1.04495e-006 8.47187e-006 -2.04585e-005 1.01973e-005 3.13227e-006 -5.99931e-006 1.54552e-005 -3.84088e-006 -2.65696e-006 
-8.65747e-006 -1.45215e-005 1.18373e-005 1.5438e-005 6.92043e-006 1.96514e-007 -1.18576e-005 1.19041e-006 8.94425 9.11041 9.16516 9.11042 8.94431 7.85332e-006 -1.39984e-005 -1.74694e-005 6.33152e-006 -1.76774e-005 -1.76357e-005 9.56836e-006 
-8.77511e-006 2.22501e-006 -1.50379e-005 -1.42346e-005 -1.54661e-005 -8.57693e-006 2.66717e-006 9.0554 9.32739 9.48682 9.53939 9.48684 9.32737 9.05538 -1.70088e-005 1.21476e-005 -9.09265e-006 1.36376e-005 8.27653e-006 -1.92367e-005 
-8.80058e-006 -1.58711e-005 7.04503e-006 1.04655e-005 -1.56601e-005 -1.1595e-005 8.94427 9.32739 9.59168 9.74681 9.79796 9.74681 9.59168 9.3274 8.94425 -7.64226e-006 -8.73599e-006 1.87045e-005 1.73103e-005 5.99994e-006 
-1.01748e-005 1.70569e-005 4.26073e-006 -1.57801e-005 -6.5795e-006 -1.65313e-006 9.11045 9.48684 9.74677 9.89951 9.94984 9.8995 9.74678 9.48682 9.11047 -2.01467e-005 1.10907e-005 -8.51943e-006 2.50438e-006 1.5407e-005 
-1.40869e-005 -4.9216e-007 -1.40176e-005 3.13522e-006 1.73743e-005 -1.21395e-005 9.16513 9.53938 9.79797 9.94983 10 9.94986 9.79797 9.53941 9.16515 9.70201e-006 -5.5939e-006 5.57589e-006 -1.98771e-007 1.48922e-005 
-1.43136e-006 1.65019e-005 -1.9871e-005 1.31584e-006 -5.98944e-007 1.40349e-006 9.11044 9.4868 9.7468 9.89949 9.94987 9.89948 9.7468 9.48684 9.11045 1.82417e-005 -1.95578e-005 -8.39647e-006 -1.84128e-005 -3.58853e-007 
7.67227e-006 1.61543e-005 1.64403e-005 3.73176e-006 2.89039e-006 -2.84779e-006 8.9443 9.32739 9.59167 9.74677 9.79797 9.74678 9.59168 9.32737 8.9443 -1.30981e-005 -4.27353e-007 -3.95081e-006 1.72952e-005 3.38627e-006 
-1.87283e-005 -3.76979e-006 2.12993e-006 -2.56214e-006 -1.50645e-006 -8.26677e-006 -1.81405e-005 9.0554 9.32741 9.48685 9.53941 9.48684 9.32736 9.05538 -1.92661e-005 -1.35286e-005 -9.41914e-006 1.18885e-005 -4.67984e-006 -7.72916e-007 
-1.28387e-006 1.95529e-008 -1.23708e-005 1.32703e-005 -1.83912e-005 -4.7945e-006 -1.46859e-005 -5.41517e-006 8.9443 9.11044 9.16516 9.11042 8.94426 -1.04667e-006 -1.80768e-005 2.05823e-005 -1.35094e-005 1.82252e-005 -1.28545e-005 1.57834e-005 
1.72346e-005 1.76905e-005 4.06314e-006 6.35995e-006 1.14546e-005 9.81028e-006 -1.29005e-005 -2.62791e-006 3.62295e-006 2.00034e-005 -1.98017e-005 6.76481e-006 7.66168e-006 1.01219e-005 1.36757e-005 -1.93327e-006 -1.58072e-007 -1.70728e-005 -1.30071e-005 4.23145e-007 
7.25044e-006 -1.99252e-005 -8.99188e-006 4.82731e-007 1.87051e-005 3.37658e-006 1.80692e-005 -1.28785e-006 -9.17218e-006 -1.8949e-006 -1.34114e-005 1.0938e-005 -1.51064e-005 -4.41035e-006 -1.24914e-005 -1.44267e-005 4.33693e-006 8.74539e-006 3.59419e-006 6.81077e-006 
-9.67627e-006 -3.42262e-006 -8.60351e-006 1.82878e-005 9.11778e-006 -5.96208e-006 -1.58568e-005 1.37428e-006 -2.57023e-006 -1.69927e-005 1.73821e-005 1.65242e-005 1.5915e-005 -1.67252e-005 1.46005e-005 -7.36735e-006 -7.61697e-007 6.51366e-006 -7.11643e-006 -6.98846e-006 
1.1029e-005 8.74658e-009 -1.74551e-005 1.21136e-005 9.4423e-006 -3.98478e-006 -2.62841e-006 -1.50284e-005 1.05412e-005 6.40675e-006 7.04092e-006 1.21378e-006 -3.37842e-006 -1.99725e-005 8.31845e-007 -4.85756e-006 1.93211e-005 1.33328e-005 -1.75244e-005 -4.76398e-006 
-1.94887e-005 -1.40408e-005 -5.33583e-006 5.69122e-006 8.60085e-006 1.24571e-006 1.39149e-005 -1.78863e-005 9.1907e-006 9.71182e-006 -4.19945e-006 -7.41974e-006 3.25339e-006 2.46588e-006 -1.87621e-005 -1.23631e-005 1.94986e-006 9.77721e-006 1.40104e-005 -1.14914e-005 
