-8.00391e-007 -1.28653e-006 -1.19703e-006 -6.94191e-007 -1.07988e-006 -1.12557e-006 -1.20712e-006 -5.20438e-007 -1.48213e-006 -9.13238e-007 -1.0426e-006 -7.84019e-007 -8.62865e-007 -9.76365e-007 -7.75251e-007 -1.67104e-006 -8.63925e-007 -5.1163e-007 -1.32734e-006 -7.4272e-007 -1.52273e-006 -1.51443e-006 -3.95966e-007 -1.43725e-006 -9.01219e-007 -1.17494e-006 -1.14619e-006 -1.04088e-006 -8.61686e-007 -1.6219e-006 -5.71853e-007 -9.97187e-007 -1.00594e-006 
-8.10735e-007 -2.07649e-006 -9.24813e-007 -5.40705e-007 -6.24107e-007 -9.17856e-007 -8.34102e-007 -9.70891e-007 -1.10757e-006 -8.95125e-007 -2.51598e-007 -6.0224e-007 -1.14708e-006 -1.11614e-006 -1.52402e-006 -1.68468e-006 -1.13869e-006 -7.30614e-007 -7.11585e-007 -8.20319e-007 -6.52845e-007 -1.08659e-006 -7.76283e-007 -8.55985e-007 -6.22443e-007 -9.01105e-007 -7.44086e-007 -1.86138e-006 -4.85484e-007 -6.63686e-007 -4.09338e-007 -1.06589e-006 -7.2328e-007 
-8.41709e-007 -9.41874e-007 -1.87866e-006 -1.68514e-006 -1.18958e-006 -1.11317e-006 -9.1378e-007 -1.39298e-006 -1.66178e-006 -1.51681e-006 -9.98535e-007 -7.51645e-007 -9.09211e-007 -3.74447e-007 -1.4153e-006 -1.12292e-006 -9.17682e-007 -1.27308e-006 -1.6283e-006 -8.4916e-007 -8.66299e-007 -1.44926e-006 -1.04158e-006 -1.2439e-006 -1.19013e-006 -8.21209e-007 -1.03465e-006 -1.27503e-006 -1.09839e-006 -8.86118e-007 -3.50112e-007 -6.79542e-007 -9.88841e-007 
-5.72012e-007 -1.17261e-006 -1.0308e-006 -1.08724e-006 -1.03597e-006 -1.0129e-006 -5.28104e-007 -6.06043e-007 -1.15394e-006 -1.36753e-006 -9.31626e-007 -1.21067e-006 -1.56623e-006 -1.04847e-006 -8.61532e-007 -1.52608e-006 -9.80886e-007 -6.38713e-007 -7.50388e-007 -1.25786e-006 -1.40711e-006 -9.60022e-007 -8.6327e-007 -1.69766e-006 -1.44946e-006 -7.95234e-007 -9.05863e-007 -3.61393e-007 -1.39536e-006 -9.41395e-007 -2.11741e-006 -8.22702e-007 -5.1111e-007 
-1.05429e-006 -9.13444e-007 -1.56204e-006 -1.12755e-006 -1.0842e-006 -8.61014e-007 -9.37497e-007 -1.02113e-006 -1.65296e-006 -1.58233e-006 -1.13156e-006 -1.02195e-006 -2.38266e-007 -7.78602e-007 -5.55652e-007 -1.35085e-006 -1.72195e-006 -1.36968e-006 -3.25557e-007 -1.27122e-006 -1.07142e-006 -1.59897e-006 -1.15607e-006 -1.03521e-006 -1.59096e-006 -1.33098e-006 -8.82601e-007 -7.57687e-007 -1.23176e-006 -3.608e-007 -1.25223e-006 -9.36122e-007 -7.58461e-007 
-1.65006e-006 -1.02572e-006 -1.34154e-007 -7.74774e-007 -1.12466e-006 -1.25683e-006 -6.53495e-007 -8.98231e-007 -8.46846e-007 -7.6149e-007 -1.01773e-006 -1.01448e-006 -8.9761e-007 -1.30786e-006 -9.15509e-007 -1.7194e-006 -1.3746e-006 -4.3384e-007 -8.82628e-007 -1.26946e-006 -1.55232e-006 -8.91746e-007 -1.30149e-006 -1.09554e-006 -1.88356e-006 -1.14876e-006 -1.3086e-006 -1.13375e-006 -6.95887e-007 -2.41814e-007 -1.13324e-006 -1.71948e-006 -1.38921e-006 
-1.21114e-006 -1.05597e-006 -1.279e-006 -1.49009e-006 -9.53665e-007 -4.17651e-007 -4.89994e-007 -9.97271e-007 -1.58213e-006 -6.69839e-007 -1.13841e-006 -6.66617e-007 -2.1261e-007 -1.51692e-006 -1.4378e-006 -4.92939e-007 -1.2505e-006 -1.59499e-006 -1.02938e-006 -5.9719e-007 -1.71102e-006 -8.28804e-007 -1.15491e-006 -7.12241e-007 -1.08093e-006 -1.03633e-006 -7.93952e-007 -1.93869e-006 -9.35765e-007 -6.28194e-007 -8.57438e-007 -9.13345e-007 -1.10395e-006 
-1.15868e-006 -6.9167e-007 -1.17132e-006 -6.1779e-007 -8.87872e-007 -1.44006e-006 -1.04007e-006 -2.4605e-008 -8.26417e-007 -1.22938e-006 -8.82936e-007 -9.14512e-007 -8.41607e-007 -1.30418e-006 -1.13229e-006 -1.04504e-006 -7.22226e-007 -1.21819e-007 -1.92505e-007 -1.00684e-006 -1.12961e-006 -1.03247e-006 -7.83334e-007 -8.31018e-007 -7.68533e-007 -8.38832e-007 -6.43072e-007 -1.34961e-006 -1.22e-006 -7.51033e-007 -7.3437e-007 -1.84285e-006 -4.09061e-007 
-5.48315e-007 -1.9333e-006 -1.03165e-006 -9.56361e-007 -9.74648e-007 -8.73632e-007 -1.10319e-006 -1.60794e-006 -9.42667e-007 -1.95371e-006 -7.3973e-007 -1.67538e-006 -1.89015e-006 -5.82631e-007 -1.08952e-006 -1.91261e-006 -9.01483e-007 -1.00176e-006 -1.28896e-006 -6.01665e-007 -1.81732e-006 -1.38289e-006 -1.14309e-006 -1.32044e-006 -1.57775e-006 -1.22739e-006 -1.08566e-006 -6.13747e-007 -1.24943e-006 -5.84693e-007 -1.12843e-006 -1.28832e-006 -6.25219e-007 
-1.14233e-006 -1.31916e-006 -8.52704e-007 -9.38167e-007 -7.40431e-007 -1.43912e-006 -1.55984e-006 -1.75034e-006 -1.05239e-006 -1.20728e-006 -1.66178e-006 -8.63622e-007 -3.72533e-007 -1.07892e-006 -7.59985e-007 -9.67624e-007 -9.41293e-007 -7.80394e-007 -1.3515e-006 -1.31864e-006 -1.00334e-006 -1.09483e-006 -1.75934e-006 -9.41092e-007 -1.15055e-006 -1.03964e-006 -1.15473e-006 -6.81431e-007 -1.1005e-006 -1.08738e-006 -3.76524e-007 -9.16963e-007 -1.14452e-006 
-1.71682e-006 -1.24831e-006 -1.14616e-006 -6.54848e-007 -1.0816e-006 -1.24359e-006 -1.11328e-006 -1.48101e-006 -9.88871e-007 -1.28708e-006 -9.47936e-007 -9.18377e-007 -8.20648e-007 -1.15209e-006 -9.84832e-007 -1.34602e-006 -1.14649e-006 -1.34265e-006 -7.38826e-007 -8.56225e-007 -6.02912e-007 -1.10076e-006 -1.92141e-006 -7.40596e-007 -1.19714e-006 -6.52704e-007 -1.47516e-006 -1.53153e-006 -1.18701e-006 -3.57318e-007 -1.29298e-006 -1.5144e-006 -1.17921e-006 
-1.43236e-006 -1.98576e-006 -9.45656e-007 -1.2193e-006 -1.03591e-006 -4.36522e-007 -3.98383e-007 -1.06235e-006 -4.35761e-007 -1.09938e-006 -1.51566e-006 -1.12265e-006 -5.18484e-007 -1.41162e-006 -7.41346e-007 -8.97456e-007 -6.01578e-007 -9.10989e-007 -4.15679e-007 -2.9e-007 -1.326e-006 -1.61564e-006 -8.74147e-007 -7.77379e-007 -1.16421e-006 -1.05249e-006 -5.08615e-007 -6.7015e-007 -5.71868e-007 -1.04207e-006 -7.62299e-007 -1.15475e-006 -8.87663e-007 
-1.67574e-007 -4.2994e-007 -1.00393e-006 -6.55033e-007 -1.10658e-006 -8.07823e-007 -1.304e-006 -1.20264e-006 -1.02606e-006 -1.40666e-006 -8.60322e-007 -3.4137e-007 -1.53483e-006 -1.4934e-006 -9.22593e-007 -7.3344e-007 -7.7317e-007 -1.03774e-006 -1.29468e-006 -7.23609e-007 -7.87152e-007 -7.6502e-007 -4.54969e-007 -8.87308e-007 -9.30685e-007 -6.77454e-007 -8.61429e-007 -4.12646e-007 -9.86425e-007 -1.22621e-006 -1.06278e-006 -6.43076e-007 -8.88065e-007 
-3.90235e-007 -9.1291e-007 -6.58157e-007 -3.74066e-007 -1.5616e-006 -8.48106e-007 -8.93012e-007 -7.11647e-007 -8.5744e-007 -8.82362e-007 -6.59875e-007 -3.24499e-007 -6.30002e-007 30 30 30.0001 30 30 30 30 30 30 30 30 30 30 30 30 30 30 30 30 30 
-1.20905e-006 -1.65495e-006 -1.20236e-007 -4.48159e-007 -8.56664e-007 -1.36126e-006 -1.78084e-006 -8.27234e-007 -9.52581e-007 -1.15688e-006 -1.10358e-006 -1.38904e-006 -1.27659e-006 30.0001 30 30 30 29.9999 30 30 30 30 30 30 30 30 30 30 30 30 30.0001 30 29.9999 
-9.00558e-007 -7.27479e-007 -1.18388e-006 -1.15705e-006 -1.10727e-006 -1.20688e-006 -1.6252e-006 -9.0869e-007 -5.52769e-007 -3.66631e-007 -7.12011e-007 -9.21966e-007 -1.19737e-006 30 30 30 29.9999 30 29.9999 30 30 30.0001 30 30 30 30 30 29.9999 30 30 30 30 30 
-1.04607e-006 -1.14912e-006 -7.8785e-007 -8.65836e-007 -8.26216e-007 -1.56474e-006 -7.06336e-007 -5.42729e-007 -8.1342e-007 -6.97298e-007 -1.06144e-006 -5.23254e-007 -6.11624e-007 30 30 30 30 30 30 30 30 30 30 30 30 30 30 30.0001 30 30 30 30 30 
-1.29727e-006 -1.24275e-006 -8.06148e-007 -8.5698e-007 -1.49455e-006 -1.13774e-006 -7.74783e-007 -8.56847e-007 1.71355e-007 -9.35937e-007 -1.30474e-006 -8.05622e-007 -9.20463e-007 29.9999 30 30 30 29.9999 29.9999 30 29.9999 30 30.0001 30 30 30 30 30 30 30 30 30 29.9999 
-8.80475e-007 -7.98778e-007 -1.6797e-006 -1.5243e-006 -8.79265e-007 -1.48773e-006 -1.01529e-006 -8.28072e-007 -5.35024e-007 -6.09054e-007 -4.34448e-007 -6.47289e-007 -2.5497e-007 30.0001 30 30 30.0001 30 30 30 30 29.9999 30.0001 30 30 30 29.9999 29.9999 30.0001 30 30 30 30 
-2.12413e-006 -1.63788e-007 -1.12818e-006 -1.96827e-006 -7.77672e-007 -7.99522e-007 -5.733e-007 -1.24e-006 -7.39372e-007 -1.62817e-006 -1.15697e-006 -1.67519e-006 -1.50973e-006 29.9999 30 30 30 30 30 30 30 29.9999 30 30 30 29.9999 30 30 30 30 30 30 30 
-9.21039e-007 -4.3647e-007 -4.35153e-007 -9.90844e-007 -5.51133e-007 -1.18199e-006 -1.01655e-006 -1.00512e-006 -1.47008e-006 -1.57187e-006 -1.08384e-006 -1.21828e-006 -4.46382e-007 30 30 29.9999 30 30 30 30 30 30 30 30.0001 30 29.9999 30 30 30 30 30 30 30 
-7.26389e-007 -1.3484e-006 -6.34432e-007 -1.07201e-006 -9.24615e-007 -1.16469e-006 -1.47008e-006 -1.2692e-006 -5.71206e-007 -1.33124e-006 -1.21419e-006 -6.89492e-007 -5.77522e-007 30.0001 30 30 30 30 30 30 30 30 30 30 30 30 30 29.9999 30 30 30 29.9999 30 
-8.39215e-007 -3.75021e-007 -1.03343e-006 -1.68809e-006 -1.04949e-006 -1.16748e-006 -8.49328e-007 -1.57497e-006 -7.56814e-007 -8.50733e-007 -1.34867e-006 -7.38991e-007 -1.1179e-006 29.9999 30 30 30 30 30 30 30 30 30 30 30 30 30 30 30 30 30 30 30 
-1.09616e-006 -1.26772e-006 -9.54981e-008 -1.02722e-006 -9.93807e-007 -7.91619e-007 -1.02941e-006 -9.68134e-007 -1.01604e-006 -1.74957e-006 -1.06381e-006 -1.40456e-006 -7.61618e-007 30 30 29.9999 30 30 30 30 30.0001 30 30 30.0001 30 30 30.0001 30 30 30 29.9999 30 30 
-1.09652e-006 -1.43433e-006 -5.91385e-007 -4.34455e-007 -7.01859e-007 -9.40188e-007 -9.9075e-007 -6.60481e-007 -6.76363e-007 -1.26865e-006 -9.16413e-007 -1.59545e-006 -6.31224e-007 30.0001 30 30 30 30 30 30 30 30 30 30 30 30.0001 30 30 30 30 30 30 30 
-1.04935e-006 -1.40097e-006 -1.06481e-006 -1.09895e-006 -5.46784e-007 -1.01425e-006 -8.30089e-007 -1.22412e-006 -7.46209e-007 -1.19439e-006 -9.04897e-007 -7.55233e-007 -1.11538e-006 30 30 30 30 30 30 30 29.9999 30 30 29.9999 30 30 30 30 30 30 30 30.0001 30 
-1.34138e-006 -6.88923e-007 -1.1537e-006 -1.18303e-006 -8.86086e-007 -9.77728e-007 -1.71691e-006 -9.02411e-007 -7.15884e-007 -6.65565e-007 -6.04285e-007 -1.00113e-006 -1.12459e-006 30 30 30 30 30 30 29.9999 30 30 30 30.0001 30 30 30.0001 30 30.0001 29.9999 30 30 30 
-1.57501e-006 -6.67742e-007 -1.22121e-006 -8.37591e-007 -1.24113e-006 -1.05287e-006 -1.04901e-006 -5.24911e-007 -1.26234e-006 -1.3303e-006 -1.21934e-006 -7.00756e-007 -1.65869e-006 30 29.9999 30 30 30 30 30 30 29.9999 30 29.9999 30 30 30 30 30 30 29.9999 30 30 
-9.0846e-007 -1.16685e-006 -1.26674e-006 -1.38868e-006 -8.23095e-007 -6.14503e-007 -1.55217e-006 -8.94321e-007 -1.15852e-006 -1.01025e-006 -9.49655e-007 -9.32446e-007 -1.34897e-006 30 30.0001 30 30 30 29.9999 30 30 30 30 30 30 30 30 30 30.0001 30.0001 30 30 30 
-1.00124e-006 -6.28985e-007 -1.3043e-006 -8.91298e-007 -1.07454e-006 -5.50929e-007 -1.2102e-006 -9.99027e-007 -9.36049e-007 -3.51211e-007 -6.178e-007 -1.94558e-006 -1.42793e-006 30 30 30 30 30 30 30 30 30.0001 30 30 30 29.9999 30 30 30 30 30 30 30 
-3.4303e-007 -7.43882e-007 -1.00639e-006 -4.38252e-007 -1.53638e-006 -1.529e-006 -8.36756e-007 -7.49349e-007 -6.29497e-007 -1.40333e-006 -1.41805e-006 -7.08775e-007 -1.14524e-006 30.0001 30 30 30 30.0001 30 30 30 30 30 30 30 30 30 30 30 29.9999 30 30 30.0001 
-1.08945e-006 -8.54667e-007 -1.23726e-006 -8.27577e-007 -1.1442e-006 -7.38438e-007 -1.36741e-006 -8.64172e-007 -8.26695e-007 -1.23699e-006 -1.44211e-006 -1.21193e-006 -1.41506e-006 30 30 30 30 30.0001 30 30.0001 30 30 30 30 30 29.9999 30.0001 29.9999 30 30 30 30 30.0001 
-7.00603e-007 -1.58598e-006 -4.05705e-007 -6.79143e-007 -1.27519e-006 -8.58956e-007 -1.58143e-006 -9.27627e-007 -4.63564e-007 -1.13923e-006 -7.64757e-007 -5.51996e-007 -7.87045e-007 30 30.0001 30 30 30 30 30 30 30 30 30 30.0001 30 30.0001 30 30 30 30 30 30 
