0.00284427 0.000576958 0.000225426 0.00111948 0.00185866 -0.000196953 0.00183091 -0.000986876 0.00156991 0.00125939 -0.000148059 0.00127429 -0.000627184 0.00225747 0.00133025 -0.000542248 0.00151969 -0.00027028 -0.000467411 0.000773106 -0.00106406 -0.000993322 0.00127679 1.22055e-005 -0.000441563 0.00175772 0.000889975 
-0.00135255 0.000698207 0.00103889 -1.31317e-005 -0.00255219 0.000835409 -0.00155186 0.00113469 0.000559508 -0.000505178 -0.00182385 -0.000409567 -0.000923011 -0.00121073 0.00196807 -0.00040339 0.00147539 -0.000846836 -0.00121309 0.00069347 -0.00103909 0.000536585 -0.00110617 -0.000930251 0.000185068 -0.000325185 -0.00112293 
0.000136197 0.00142217 -0.00142267 -5.51379e-005 0.00101822 6.1959e-006 0.00106723 0.000541129 -0.00102602 -0.00010774 0.001556 0.00253931 -0.00254984 0.00140486 0.00103463 0.00140726 0.000379084 0.00322975 -0.000423622 -0.00132683 -0.000956113 -0.00137228 0.000912871 0.0018001 -0.000431226 0.00145045 0.00211969 
-0.000270012 -5.62691e-005 0.000366767 0.00185663 0.0008137 -0.0010068 0.0017619 0.000445099 -0.000941591 0.00022093 -0.00226888 0.000621708 0.00351387 0.000230895 -0.00317034 -0.000561651 -0.000793801 -0.00151007 -0.00115922 0.00094501 -0.000756856 -0.000402811 0.00101172 -0.00173375 -0.00137892 0.000351576 -0.00277049 
-0.000423192 0.000598832 -0.00122106 -6.35465e-005 0.001022 0.00123048 -0.000316445 -0.00216495 -0.000771291 -0.0010823 -0.0010467 -0.000199123 -0.0031687 -0.00142079 -0.000233001 0.00126958 -0.000678184 0.000959837 -0.000156926 -0.000308778 0.00483261 0.00231357 0.000493935 0.000532175 0.00259798 -0.00242913 -0.000960652 
-0.000292245 1.04956e-006 0.00123653 0.00018318 -0.00124665 -0.000427982 -0.000276463 0.00294752 -0.000267788 -0.00184912 0.000565136 -0.00227411 -0.000438306 -0.000139906 0.00150091 0.00102946 0.000911561 0.00263933 0.00180424 0.000188563 -0.00326773 0.000545843 -0.000896775 0.00207061 0.000677193 0.00266763 0.000572479 
0.0014065 -0.00145517 0.000732664 0.00101498 -0.000194589 0.000391535 -0.00023334 -0.00114025 -0.00192914 0.00216395 0.000370004 0.000338448 0.00123189 0.00081765 -0.000807873 -0.00482521 0.00170002 -0.00215517 -0.00173275 -0.000216328 1.38979e-005 -0.000594585 -6.06354e-005 9.26467e-005 0.000503393 -0.000956246 0.00130016 
0.00140689 0.00175293 0.000118171 7.70531e-005 0.000819376 -0.00139528 0.00360125 -0.000684775 0.00288597 -0.00164566 0.000542071 -0.000862818 -0.00228138 0.00035936 -0.000567899 0.0026437 -0.0026963 -0.000745492 -0.000807342 0.00152258 -0.00144166 -0.000317804 -0.000230916 -0.000495584 -0.00302534 -0.00277097 -7.28523e-005 
-5.77834e-005 -0.000945518 -0.000741155 6.01275e-005 6.31389e-005 0.00209406 -0.00171524 0.00162726 -0.000338346 -0.000170845 -0.000732139 0.00107395 0.0016154 0.00626041 0.00245511 -1.16614e-005 -0.000130016 -1.43167e-005 0.00150867 -0.00307061 0.000369153 -0.000443254 0.00193396 -0.00113515 0.0034983 0.00171526 -0.00174976 
-0.000801161 -0.00207023 0.000491619 0.00253105 -0.00138315 0.00102537 -0.000658525 -0.00111822 -0.00135677 0.00137457 -4.13179e-005 -0.00247933 -0.00198046 0.0351051 0.0351743 0.000333879 0.00280305 0.00156563 -0.000605141 0.00192098 -0.000412148 0.00209308 -0.000229228 0.000138573 -0.000911549 -0.000820658 0.00130143 
-0.000443214 0.00327644 -0.000618031 -0.00135501 -0.000277032 -0.00154277 -0.000308287 -0.00268345 0.00113138 -0.000874802 -0.00154898 0.00143791 0.000534178 0.161141 0.150144 -0.000309449 -0.00107045 -0.000777044 0.000376611 -0.0010116 5.05763e-006 -0.000248413 0.000242872 -0.00116197 0.000166982 0.000788472 -0.000705391 
-0.00206199 0.000104886 -0.000458049 -0.000171757 0.000937284 -1.16348e-005 0.00222022 0.00138196 -0.00216718 -0.00202275 0.00331998 -0.000866334 0.00375255 0.403155 0.448325 0.00356846 -0.000846856 0.00103116 -0.00203796 0.00200788 0.00145731 0.000659424 0.00243683 -6.12732e-005 -0.00133105 0.00160717 -0.00124099 
0.00310297 -0.000627976 0.00174859 -0.000476498 -0.00115264 0.000445051 -0.000318826 0.00151553 0.00118414 0.00580492 0.033601 0.151993 0.436526 0.717966 0.703641 0.423217 0.168618 0.0344769 0.00646013 0.00163648 -0.00102173 -5.95287e-005 -0.00108721 -5.94969e-005 0.00142087 -0.00189578 0.00148489 
-0.000372121 -0.00061144 0.000511151 0.000168704 0.000985894 -0.00207295 -0.00186576 -0.00154536 0.00047572 0.00312901 0.0381073 0.167226 0.431242 0.729404 0.668655 0.432123 0.145935 0.0359386 0.00303458 -0.00101138 0.000660472 -0.000727232 1.10357e-005 -2.8536e-005 0.00160905 0.00122663 -0.000766637 
-0.00283377 0.00100078 -0.00201326 0.00031604 0.00153789 -0.000465442 -0.000438444 -5.50709e-005 -0.0014727 0.000971467 0.00128874 -0.000195581 0.00470586 0.421974 0.417326 0.0045813 0.000396003 0.000851262 -0.00233889 -0.000466885 0.000785719 -0.00101767 0.0015602 0.000842765 -0.00232873 -0.000339981 -0.000880769 
0.00115831 -0.00227328 -0.000187946 -0.00095074 -0.000178333 0.00253379 -9.94539e-005 0.000224861 0.000498442 0.000361441 0.000504889 -0.000281377 0.00122323 0.156209 0.166822 -0.00105618 -0.000841409 0.000196458 0.00215635 -5.34447e-006 0.000245244 -0.000364708 -0.000732399 0.00165646 0.00029433 -0.00212934 0.000510538 
0.00120399 -0.000462165 -0.000229952 -0.00294536 -7.12831e-005 -0.00264834 -0.00124123 0.00205571 0.00253421 -0.000394188 -0.000305594 0.00151865 -0.00139486 0.0337535 0.0378495 -1.4565e-005 -0.000592813 -0.00142678 0.00071894 -0.000139556 -0.00219519 0.00169373 0.000697338 -0.00317777 -0.000157738 0.00202157 -0.000339499 
0.000465024 0.00134428 0.000270544 -0.000524594 5.00438e-005 -0.000944337 0.000767528 -0.000371734 -0.000647669 -0.00132214 0.00344033 0.00215857 0.00301462 0.00587656 0.00323029 -0.000350257 -0.00138998 0.000321126 -0.000758706 0.00121464 0.000199146 0.00132625 0.00215051 0.00097682 -0.00112723 0.000445155 0.00227682 
-0.00350351 -0.00139666 0.000545105 0.00241591 -0.00146709 0.00181806 0.00153196 -0.00252364 -0.000525211 0.00072006 -0.001554 -0.00167883 -0.00174778 0.000744499 0.000487493 0.00148185 0.00147776 0.000892762 -0.000341709 -0.000590414 -0.000384775 0.000564803 -0.00231066 0.000667961 -0.00266808 -0.00175683 -0.000611259 
0.00400944 0.00081051 -0.000436031 -0.000655447 -0.000185064 -0.0033599 -0.000560586 -0.000198944 0.0017991 9.79207e-005 0.000629268 -0.000476984 -0.000650265 -0.000469379 0.00164526 -0.000550996 0.000346482 1.92894e-005 -0.00053886 0.00118895 0.00146436 6.75008e-005 -0.000247218 -5.35815e-005 0.00110135 -0.00117245 0.00104056 
-0.00223391 0.000343386 0.00202844 -0.000265742 9.8825e-005 0.000196999 -0.000520736 0.000436672 0.000249426 0.00241713 -0.00302225 0.00102596 0.00101395 0.00126845 -0.000290488 0.00220131 -0.000587774 -0.000866769 -0.000911623 -0.000181322 0.00120107 -0.000466091 0.000651541 -0.000635596 0.000485784 0.0013329 -0.00183944 
0.000361537 0.0014776 -0.00126253 0.000193401 0.00170228 2.65363e-005 0.00167647 -0.000865513 -0.00179012 -0.0015071 -0.000259331 -0.000803501 0.000285305 -0.000329632 -0.000248475 -0.00313369 0.000969984 -0.000207931 -0.00130013 -0.00136645 -0.00339347 0.000139223 -0.000325139 0.00133609 0.00129913 0.00171607 -0.000191342 
-0.00111258 0.00108821 -0.00110416 0.000680476 -0.00152755 0.000150238 -0.00228385 0.00211389 -0.000522259 0.00108664 -0.000769141 0.00027139 -0.000551047 0.00181925 0.001141 0.000998439 -0.00282269 -0.000116423 0.00275141 0.0013972 0.000126338 0.000773428 0.000123534 0.000594066 -0.00385103 -0.000632082 0.000760455 
-0.00298345 -0.00081059 -0.000522828 0.00182039 0.00156573 -0.00132525 -5.30319e-005 -0.00256553 -0.000337732 0.00110098 0.000190101 5.97276e-005 0.000218647 0.000159937 -6.89503e-005 -0.000324958 0.0012059 -2.79396e-005 0.000412919 0.000452582 -0.000407018 0.000189902 0.000450313 0.00127224 0.00246563 0.00121482 -2.37414e-005 
0.0011473 -0.00241794 0.000856682 -5.59924e-005 0.00190295 0.000509401 0.00225303 0.000674358 -0.000918623 -0.00017382 -0.00163144 -0.000109133 -0.000667701 -0.00135371 -0.00129377 0.000924481 0.00180588 -0.000194352 -0.000102692 -0.000180957 0.00322003 0.0013942 -0.000586342 -0.00103471 -0.000323903 0.000429581 -0.00082506 
0.0011628 0.00204013 0.000747337 -0.00116657 -0.00214113 0.00222837 -0.00105414 -0.00136814 -0.000166374 -0.00159905 0.00112976 -0.00135019 9.14609e-005 -0.000316743 0.00245384 0.000837845 -0.00183397 0.000251546 0.00043751 -0.00080117 -0.00312836 -0.00225414 0.0030403 -0.00110631 -0.000119611 -0.000222184 0.00260417 
-0.000192735 -0.00145151 -0.00095231 0.00173229 -5.04972e-005 -0.00119913 -0.000326293 -0.000448392 0.00115034 0.00327922 -0.0012975 0.00289708 -0.000461104 -0.000307508 -0.00102746 -0.00235931 -0.00131647 0.00199886 0.000455487 0.000393722 0.00181654 0.0013007 -0.00259713 8.14024e-005 1.41425e-005 -0.000778507 -0.000380096 
