8.75312e-010 0.00127547 0.00509983 0.0114544 0.0202669 0.0313501 0.0443217 0.0585097 0.0728636 0.0858923 0.0956719 0.0999625 0.0964847 0.0833813 0.0598472 0.0268365 -0.0123398 -0.0518103 -0.0836608 -0.0994197 -0.0925042 -0.0611682 -0.0109496 0.0447765 0.0874185 0.0993051 0.0718977 0.0125973 
0.00127548 0.00255074 0.00637323 0.0127206 0.0215141 0.0325586 0.0454614 0.0595393 0.0737312 0.0865385 0.0960352 0.0999893 0.0961415 0.0826704 0.0588205 0.0256055 -0.0136045 -0.052897 -0.0843527 -0.0995486 -0.0920121 -0.0601543 -0.00968089 0.0459133 0.0880307 0.0991469 0.0710053 0.011331 
0.00509984 0.00637324 0.0101864 0.0165058 0.0252345 0.0361521 0.0488356 0.0625694 0.0762615 0.0883922 0.0970315 0.0999722 0.0950188 0.0804576 0.0556837 0.0218887 -0.0173846 -0.056105 -0.0863456 -0.0998389 -0.0904466 -0.0570541 -0.00586618 0.0492782 0.0897813 0.0985758 0.0682595 0.00752171 
0.0114544 0.0127205 0.0165058 0.0227579 0.03135 0.0420207 0.0542979 0.0674137 0.080229 0.0911928 0.0983755 0.0996186 0.0928392 0.0765092 0.0502768 0.0156256 -0.0236254 -0.0612664 -0.0893849 -0.0999976 -0.0875442 -0.051704 0.000507997 0.0547237 0.0924053 0.0973036 0.0634632 0.00115124 
0.0202667 0.0215142 0.0252344 0.0313501 0.0396924 0.0499446 0.0615692 0.0737311 0.0852322 0.0944886 0.0995843 0.0984436 0.089156 0.0704629 0.0423686 0.00675616 -0.0321955 -0.0680696 -0.0930269 -0.0995368 -0.0828858 -0.0438656 0.00942258 0.0619688 0.0954457 0.0948592 0.0563195 -0.00776947 
0.0313501 0.0325588 0.0361521 0.0420207 0.0499445 0.0595393 0.07019 0.0809839 0.0906621 0.0976168 0.0999722 0.0957829 0.0833813 0.0618712 0.0317143 -0.00471654 -0.0428283 -0.0760128 -0.0966169 -0.0977806 -0.0759321 -0.0332834 0.020764 0.0705509 0.098235 0.0906096 0.0464839 -0.0191381 
0.0443217 0.0454614 0.0488356 0.0542977 0.0615693 0.0701901 0.0794611 0.0883922 0.095672 0.0996924 0.0986599 0.0908232 0.0748418 0.0502767 0.0181399 -0.0186392 -0.0550446 -0.0843526 -0.0992741 -0.0938896 -0.0660858 -0.019769 0.0342398 0.0797684 0.0998856 0.0838025 0.033645 -0.0326762 
0.0585097 0.0595393 0.0625694 0.0674137 0.0737311 0.0809839 0.0883921 0.0948985 0.099163 0.0996186 0.0946135 0.0826704 0.0628683 0.0353192 0.00165919 -0.0346 -0.0680698 -0.0920607 -0.0998977 -0.0869206 -0.0527916 -0.00331793 0.0492782 0.0886287 0.0993051 0.0736472 0.01764 -0.0478277 
0.0728635 0.0737312 0.0762616 0.080229 0.0852321 0.090662 0.095672 0.0991631 0.0998088 0.0961415 0.0867302 0.0704628 0.0469329 0.0168841 -0.0173846 -0.0518103 -0.0807581 -0.0978065 -0.0972143 -0.0759319 -0.0356778 0.0157483 0.0649259 0.0958185 0.0952552 0.0594395 -0.00139971 -0.0636552 
0.0858922 0.0865384 0.0883921 0.0911927 0.0944886 0.0976168 0.0996923 0.0996185 0.0961415 0.0879716 0.0739898 0.0535469 0.0268365 -0.00471653 -0.0381641 -0.0689985 -0.0915552 -0.0999976 -0.089895 -0.0601543 -0.0147442 0.0366251 0.0797685 0.0997309 0.0864762 0.0407465 -0.0228789 -0.0787569 
0.095672 0.0960352 0.0970315 0.0983757 0.0995844 0.0999721 0.0986599 0.0946136 0.0867302 0.0739898 0.0556836 0.0317143 0.00293435 -0.0285502 -0.0592305 -0.0843527 -0.0985317 -0.0969073 -0.0767557 -0.0392257 0.00942258 0.0578856 0.0919101 0.0985756 0.0718977 0.0176401 -0.045572 -0.0912437 
0.0999624 0.0999892 0.0999722 0.0996186 0.0984437 0.0957829 0.0908232 0.0826705 0.0704628 0.0535468 0.0317144 0.00548305 -0.0236254 -0.0528971 -0.0784429 -0.0955594 -0.0995368 -0.0869204 -0.057054 -0.0134814 0.0354353 0.077403 0.0990611 0.0906095 0.0509386 -0.00904045 -0.0675054 -0.0988206 
0.0964847 0.0961416 0.0950187 0.0928391 0.0891559 0.0833814 0.0748418 0.0628683 0.0469329 0.0268364 0.00293435 -0.0236254 -0.0507152 -0.0751778 -0.0930267 -0.0999983 -0.0925042 -0.0689086 -0.0308673 0.0157483 0.0609627 0.0924052 0.0987821 0.074504 0.0238775 -0.0374534 -0.0859559 -0.0990267 
0.0833815 0.0826703 0.0804576 0.0765091 0.0704629 0.0618713 0.0502768 0.0353192 0.0168841 -0.00471653 -0.0285502 -0.052897 -0.0751778 -0.0920607 -0.0998389 -0.0951378 -0.0759319 -0.042716 0.000507997 0.0459132 0.0827403 0.099731 0.0889247 0.049837 -0.00776947 -0.0646335 -0.0976436 -0.0896715 
0.0598472 0.0588206 0.0556836 0.0502766 0.0423686 0.0317142 0.01814 0.00165919 -0.0173846 -0.0381641 -0.0592305 -0.0784429 -0.0930267 -0.0998389 -0.0958924 -0.0791516 -0.0495038 -0.00968089 0.0342398 0.0732106 0.0968431 0.09635 0.0682595 0.01764 -0.0409733 -0.0866007 -0.0991961 -0.0694627 
0.0268364 0.0256056 0.0218888 0.0156256 0.00675616 -0.00471654 -0.0186392 -0.0346 -0.0518104 -0.0689985 -0.0843526 -0.0955595 -0.0999983 -0.0951377 -0.0791517 -0.051704 -0.0147442 0.0269562 0.0658908 0.0928854 0.099305 0.0801547 0.037223 -0.0191381 -0.07118 -0.0988206 -0.0879125 -0.0387578 
-0.0123398 -0.0136045 -0.0173846 -0.0236255 -0.0321957 -0.0428282 -0.0550445 -0.0680696 -0.080758 -0.0915551 -0.0985318 -0.0995369 -0.0925041 -0.0759319 -0.0495038 -0.0147442 0.024491 0.0619688 0.0897811 0.0999875 0.0871096 0.0509387 -0.00139971 -0.055468 -0.0927425 -0.0970939 -0.0627715 -0.000259511 
-0.0518103 -0.0528971 -0.056105 -0.0612665 -0.0680696 -0.0760128 -0.0843527 -0.0920606 -0.0978065 -0.0999975 -0.0969073 -0.0869205 -0.0689085 -0.042716 -0.0096809 0.0269562 0.0619688 0.0886286 0.0999383 0.0906096 0.0594395 0.011331 -0.0421334 -0.0846244 -0.0999294 -0.0788402 -0.0254854 0.040623 
-0.0836606 -0.0843526 -0.0863456 -0.0893849 -0.0930268 -0.0966168 -0.0992743 -0.0998976 -0.0972143 -0.0898952 -0.0767558 -0.0570541 -0.0308674 0.000507996 0.0342398 0.0658908 0.0897811 0.0999385 0.0916592 0.0634633 0.0188942 -0.0326762 -0.0771595 -0.0993341 -0.0885132 -0.0445542 0.0187613 0.0760934 
-0.0994195 -0.0995486 -0.0998388 -0.0999976 -0.0995369 -0.0977805 -0.0938895 -0.0869205 -0.0759319 -0.0601543 -0.0392256 -0.0134814 0.0157483 0.0459133 0.0732105 0.0928854 0.0999873 0.0906097 0.0634633 0.0213929 -0.0278138 -0.0720701 -0.0976436 -0.0937136 -0.0576828 0.00101598 0.0613647 0.0972721 
-0.0925041 -0.0920122 -0.0904465 -0.0875441 -0.0828859 -0.0759321 -0.0660856 -0.0527915 -0.0356779 -0.0147442 0.00942256 0.0354354 0.0609627 0.0827402 0.0968429 0.0993052 0.0871097 0.0594395 0.0188942 -0.0278138 -0.0702784 -0.0964161 -0.0961073 -0.0657036 -0.0117121 0.0486089 0.091605 0.0965525 
-0.0611682 -0.0601542 -0.0570541 -0.0517041 -0.0438656 -0.0332835 -0.0197691 -0.00331792 0.0157483 0.0366251 0.0578856 0.077403 0.0924054 0.099731 0.0963498 0.0801549 0.0509386 0.011331 -0.0326762 -0.0720702 -0.0964161 -0.0967808 -0.0694627 -0.0192709 0.0394541 0.0857593 0.0993924 0.0706467 
-0.0109496 -0.00968089 -0.00586618 0.000507998 0.00942258 0.020764 0.0342398 0.0492782 0.064926 0.0797686 0.0919102 0.099061 0.0987822 0.0889247 0.0682595 0.037223 -0.00139971 -0.0421335 -0.0771596 -0.0976438 -0.0961072 -0.0694626 -0.0217675 0.0347166 0.0815757 0.0999966 0.0790757 0.0233838 
0.0447765 0.0459132 0.0492783 0.0547236 0.0619688 0.0705509 0.0797685 0.0886285 0.0958185 0.0997311 0.0985757 0.0906095 0.074504 0.0498369 0.0176401 -0.0191382 -0.0554679 -0.0846244 -0.0993341 -0.0937135 -0.0657038 -0.0192709 0.0347166 0.0800738 0.0999085 0.0835244 0.0331663 -0.0331558 
0.0874184 0.0880306 0.089781 0.0924052 0.0954456 0.098235 0.0998854 0.0993052 0.0952551 0.0864763 0.0718976 0.0509386 0.0238775 -0.00776947 -0.0409733 -0.0711801 -0.0927424 -0.0999294 -0.0885133 -0.0576828 -0.0117122 0.0394541 0.0815758 0.0999086 0.0848998 0.0379342 -0.0258457 -0.0806049 
0.0993051 0.0991469 0.0985758 0.0973035 0.0948592 0.0906096 0.0838027 0.0736472 0.0594394 0.0407465 0.0176401 -0.00904047 -0.0374535 -0.0646337 -0.0866007 -0.0988206 -0.0970941 -0.0788404 -0.0445541 0.00101598 0.0486089 0.0857591 0.0999966 0.0835243 0.0379342 -0.0233731 -0.0774816 -0.0999964 
0.0718978 0.0710053 0.0682596 0.0634632 0.0563195 0.0464839 0.033645 0.0176402 -0.00139971 -0.022879 -0.0455721 -0.0675054 -0.0859559 -0.0976438 -0.0991964 -0.0879126 -0.0627716 -0.0254855 0.0187613 0.0613647 0.091605 0.0993926 0.0790757 0.0331662 -0.0258456 -0.0774816 -0.0999428 -0.0800804 
0.0125973 0.011331 0.0075217 0.00115124 -0.00776946 -0.019138 -0.0326762 -0.0478276 -0.063655 -0.078757 -0.0912437 -0.0988206 -0.0990268 -0.0896713 -0.0694628 -0.0387579 -0.00025951 0.0406228 0.0760934 0.0972723 0.0965525 0.0706468 0.0233839 -0.0331559 -0.0806049 -0.0999965 -0.0800804 -0.024994 
