0.5 0.84147 0.454649 0.04704 -0.1892 -0.191785 -0.0465692 0.0938552 0.12367 0.0457909 -0.0544022 -0.0909083 -0.0447144 0.0323205 0.0707577 0.0433526 -0.017994 -0.0565528 -0.0417215 0.00788827 0.0456472 0.0398408 -0.000402332 -0.0367922 -0.0377324 -0.00529407 0.0293292 0.0354213 0.00967521 -0.0228839 -0.0329343 
0.84147 0.698457 0.351844 -0.00654071 -0.201629 -0.18164 -0.0327292 0.100248 0.121354 0.0398712 -0.0582273 -0.0904237 -0.0416073 0.0348738 0.0708803 0.0415503 -0.0198148 -0.0569055 -0.0406247 0.00924105 0.0460851 0.0391645 -0.00143314 -0.0372517 -0.0373238 -0.00449682 0.02978 0.0351908 0.00905421 -0.0233113 -0.0328259 
0.454649 0.351845 0.10892 -0.124112 -0.217185 -0.145231 0.0065393 0.115356 0.112059 0.0221048 -0.0684908 -0.0879203 -0.032074 0.0420827 0.0707098 0.0359497 -0.0250929 -0.0576603 -0.0371818 0.0132242 0.0472168 0.0370189 -0.00450003 -0.0385165 -0.0360086 -0.00210704 0.0310603 0.0344304 0.00718188 -0.0245468 -0.0324472 
0.04704 -0.0065407 -0.124112 -0.210171 -0.191785 -0.0749406 0.0614676 0.127599 0.0902659 -0.00653698 -0.0813922 -0.0805698 -0.0158279 0.0524616 0.0687064 0.0261121 -0.0331936 -0.0579209 -0.0309996 0.0195643 0.0484942 0.033084 -0.00949666 -0.0402403 -0.0335333 0.00185066 0.0329462 0.0329413 0.00404226 -0.0264453 -0.0316421 
-0.1892 -0.20163 -0.217184 -0.191785 -0.103622 0.0186864 0.110992 0.121354 0.0516787 -0.0417797 -0.0905023 -0.0648398 0.00653372 0.0632221 0.0626255 0.0117723 -0.0428343 -0.0562776 -0.0216409 0.0276593 0.0490146 0.0269351 -0.0161524 -0.0418334 -0.0295316 0.00727464 0.0350482 0.0304198 -0.000351333 -0.0287483 -0.0301644 
-0.191785 -0.18164 -0.145231 -0.0749407 0.0186864 0.100248 0.127914 0.0851883 -0.000975522 -0.0742916 -0.0879204 -0.0384609 0.0323206 0.0702368 0.0501751 -0.00652952 -0.0518966 -0.0510271 -0.00895135 0.0364176 0.0475862 0.0182148 -0.0239142 -0.0424729 -0.0236159 0.0139038 0.0367994 0.026509 -0.00589932 -0.0310659 -0.0277049 
-0.0465693 -0.0327291 0.00653931 0.0614677 0.110992 0.127914 0.0951366 0.0221048 -0.0544021 -0.0909742 -0.0674072 -0.00290492 0.0559989 0.0687064 0.0301085 -0.0267859 -0.0574591 -0.0406247 0.0065244 0.0441526 0.0429077 0.00687937 -0.0318334 -0.0411653 -0.0155217 0.0212239 0.0374689 0.0208806 -0.0123447 -0.0328711 -0.0239386 
0.0938552 0.100248 0.115356 0.127599 0.121354 0.0851882 0.0221047 -0.0461727 -0.0878605 -0.0805698 -0.0288452 0.0348739 0.0698368 0.0548199 0.00354314 -0.0451859 -0.0562776 -0.0243803 0.023156 0.0486586 0.0339043 -0.00651833 -0.0385166 -0.0369001 -0.00529406 0.028392 0.0362253 0.0133541 -0.0192021 -0.0335176 -0.0185983 
0.12367 0.121354 0.112059 0.0902658 0.0516787 -0.000975521 -0.0544021 -0.0878606 -0.0839531 -0.0416073 0.0185521 0.0632221 0.0665398 0.0281189 -0.0250928 -0.0565528 -0.0458266 -0.00325859 0.0380787 0.0475862 0.0202133 -0.0205906 -0.0422218 -0.0289137 0.00651136 0.0342255 0.0322711 0.00404225 -0.0257106 -0.0323034 -0.0115741 
0.045791 0.0398712 0.0221048 -0.00653697 -0.0417797 -0.0742915 -0.0909742 -0.0805698 -0.0416073 0.0126375 0.0576306 0.0701593 0.0433525 -0.00652952 -0.0483563 -0.0558611 -0.0257325 0.0195643 0.0475331 0.0391645 0.00270847 -0.0330602 -0.0411654 -0.0170464 0.0186792 0.0373038 0.0250577 -0.00650345 -0.0308453 -0.0285911 -0.00302878 
-0.0544021 -0.0582272 -0.0684908 -0.0813921 -0.0905022 -0.0879203 -0.0674071 -0.0288452 0.0185523 0.0576306 0.0707099 0.0501752 0.00559217 -0.0389633 -0.0579643 -0.0406247 0.000975478 0.038868 0.0478567 0.0231516 -0.0161525 -0.0410407 -0.0340555 -0.00210703 0.0293292 0.0362253 0.0145577 -0.0171978 -0.0334192 -0.0219861 0.00649463 
-0.0909081 -0.0904236 -0.0879203 -0.0805698 -0.0648398 -0.0384609 -0.00290491 0.0348738 0.0632221 0.0701593 0.050175 0.00970883 -0.0331936 -0.0569056 -0.0485808 -0.0132214 0.0276593 0.0486587 0.0370189 0.001669 -0.0324555 -0.0417423 -0.0207627 0.0139038 0.0361547 0.0300207 0.00152781 -0.0264455 -0.0323035 -0.0125495 0.0160141 
-0.0447144 -0.0416074 -0.032074 -0.0158279 0.00653372 0.0323206 0.055999 0.0698368 0.0665399 0.0433526 0.00559217 -0.0331937 -0.0561491 -0.0517699 -0.0216409 0.0183297 0.0456472 0.0444793 0.0161904 -0.0205906 -0.0416647 -0.0335334 -0.00290299 0.027906 0.0369568 0.018648 -0.0123447 -0.0323477 -0.0267556 -0.000994491 0.024148 
0.0323206 0.0348738 0.0420828 0.0524617 0.0632221 0.0702368 0.0687065 0.05482 0.0281189 -0.00652953 -0.0389633 -0.0569056 -0.0517699 -0.0243803 0.0132243 0.0423894 0.0475862 0.0260054 -0.00949666 -0.0372517 -0.0401503 -0.0170463 0.015997 0.036336 0.0304199 0.00341328 -0.0245468 -0.0331244 -0.0167995 0.0112191 0.0292979 
0.0707576 0.0708804 0.0707098 0.0687064 0.0626254 0.050175 0.0301085 0.00354314 -0.0250929 -0.0483563 -0.0579644 -0.0485807 -0.0216408 0.0132243 0.041067 0.0485035 0.0313969 -0.00143314 -0.0318334 -0.0423393 -0.0269981 0.00419664 0.0310602 0.0362253 0.0169206 -0.0129051 -0.032193 -0.0277049 -0.00353769 0.0219837 0.0299919 
0.0433525 0.0415502 0.0359496 0.0261122 0.0117723 -0.00652952 -0.026786 -0.0451859 -0.0565528 -0.055861 -0.0406247 -0.0132214 0.0183298 0.0423894 0.0485036 0.0330839 0.00270847 -0.0277492 -0.0423122 -0.0329983 -0.00529408 0.0241911 0.037446 0.0265091 -0.000975405 -0.0264454 -0.0328259 -0.0163403 0.0107604 0.0289047 0.0253501 
-0.017994 -0.0198148 -0.0250928 -0.0331936 -0.0428344 -0.0518967 -0.0574591 -0.0562776 -0.0458266 -0.0257325 0.000975481 0.0276593 0.0456473 0.0475861 0.031397 0.00270847 -0.02626 -0.0418333 -0.0360085 -0.0116376 0.018021 0.0361547 0.0322711 0.00905422 -0.0187106 -0.0332416 -0.0253971 -0.00099449 0.0229471 0.0299206 0.0155613 
-0.0565529 -0.0569056 -0.0576603 -0.057921 -0.0562776 -0.0510271 -0.0406247 -0.0243803 -0.00325859 0.0195643 0.038868 0.0486587 0.0444793 0.0260053 -0.00143315 -0.0277492 -0.0418334 -0.0369002 -0.0147525 0.0139038 0.0342256 0.0351909 0.0163359 -0.0112096 -0.0308452 -0.0306271 -0.0110829 0.0147555 0.0297239 0.0240592 0.00219152 
-0.0417215 -0.0406247 -0.0371818 -0.0309996 -0.0216409 -0.00895134 0.00652439 0.0231561 0.0380788 0.0475332 0.0478568 0.0370188 0.0161905 -0.00949666 -0.0318334 -0.0423122 -0.0360086 -0.0147524 0.012473 0.0329462 0.0363963 0.0208807 -0.00529224 -0.0274843 -0.0329344 -0.0185983 0.00649462 0.0264828 0.028701 0.0120914 -0.0118685 
0.00788828 0.00924105 0.0132243 0.0195643 0.0276593 0.0364175 0.0441526 0.0486587 0.0475862 0.0391645 0.0231517 0.001669 -0.0205906 -0.0372516 -0.0423393 -0.0329983 -0.0116376 0.0139038 0.0329462 0.0367013 0.0230214 -0.00159801 -0.0245468 -0.0335176 -0.0235592 -0.000486901 0.0219836 0.0302769 0.0194793 -0.00323383 -0.0229561 
0.0456472 0.0460851 0.0472168 0.0484943 0.0490147 0.0475861 0.0429076 0.0339043 0.0202132 0.00270847 -0.0161523 -0.0324554 -0.0416647 -0.0401503 -0.0269981 -0.00529406 0.018021 0.0342255 0.0363962 0.0230214 -0.000351333 -0.0228839 -0.0334192 -0.0264258 -0.00557079 0.0176286 0.0299693 0.0243276 0.00429175 -0.0176346 -0.0276616 
0.0398408 0.0391645 0.0370187 0.0330839 0.0269351 0.0182149 0.00687937 -0.00651835 -0.0205906 -0.0330603 -0.0410407 -0.0417423 -0.0335334 -0.0170464 0.00419664 0.0241912 0.0361547 0.0351909 0.0208807 -0.00159801 -0.022884 -0.0333104 -0.0277049 -0.00859837 0.0143273 0.0289047 0.0271365 0.0100867 -0.0122338 -0.0264822 -0.0240771 
-0.000402331 -0.00143314 -0.00450004 -0.00949667 -0.0161524 -0.0239143 -0.0318334 -0.0385165 -0.0422219 -0.0411653 -0.0340554 -0.0207627 -0.00290298 0.015997 0.0310602 0.037446 0.032271 0.0163359 -0.00529224 -0.0245469 -0.0334191 -0.0277048 -0.00959745 0.0125739 0.0279304 0.0285517 0.0140441 -0.00767595 -0.0243801 -0.0264604 -0.0128153 
-0.0367923 -0.0372516 -0.0385165 -0.0402403 -0.0418333 -0.0424729 -0.0411654 -0.0369001 -0.0289137 -0.0170464 -0.00210704 0.0139038 0.0279059 0.0363359 0.0362253 0.026509 0.00905421 -0.0112096 -0.0274843 -0.0335176 -0.0264257 -0.00859838 0.0125739 0.0275506 0.0291114 0.0163029 -0.00446412 -0.0222728 -0.0274395 -0.0171056 0.00272002 
-0.0377325 -0.0373238 -0.0360085 -0.0335333 -0.0295315 -0.0236159 -0.0155216 -0.00529407 0.00651136 0.0186792 0.0293292 0.0361547 0.0369569 0.0304199 0.0169207 -0.000975411 -0.0187105 -0.0308453 -0.0329344 -0.0235591 -0.00557079 0.0143272 0.0279304 0.0291114 0.0170323 -0.00282124 -0.0207804 -0.0276817 -0.0198433 -0.00148824 0.0171559 
-0.00529407 -0.00449682 -0.00210703 0.00185066 0.00727464 0.0139038 0.0212238 0.028392 0.0342256 0.0373037 0.0362253 0.0300207 0.0186479 0.00341328 -0.0129051 -0.0264454 -0.0332416 -0.030627 -0.0185983 -0.0004869 0.0176286 0.0289047 0.0285517 0.0163029 -0.00282124 -0.0202469 -0.0276762 -0.021328 -0.00430911 0.0145149 0.0249977 
0.0293291 0.02978 0.0310603 0.0329462 0.0350483 0.0367994 0.0374689 0.0362252 0.0322711 0.0250577 0.0145576 0.00152781 -0.0123447 -0.0245468 -0.032193 -0.032826 -0.0253971 -0.0110829 0.00649462 0.0219836 0.0299694 0.0271365 0.0140441 -0.00446412 -0.0207805 -0.0276762 -0.021794 -0.00571218 0.0127952 0.0243616 0.0229075 
0.0354213 0.0351909 0.0344305 0.0329412 0.0304199 0.026509 0.0208806 0.0133541 0.00404225 -0.00650346 -0.0171979 -0.0264454 -0.0323476 -0.0331244 -0.0277048 -0.0163403 -0.000994487 0.0147554 0.0264829 0.0302769 0.0243276 0.0100866 -0.00767594 -0.0222728 -0.0276816 -0.021328 -0.00571218 0.0122016 0.0239446 0.0236787 0.0114376 
0.00967521 0.00905422 0.00718188 0.00404226 -0.000351333 -0.00589932 -0.0123446 -0.019202 -0.0257106 -0.0308453 -0.0334192 -0.0323035 -0.0267557 -0.0167996 -0.00353769 0.0107604 0.0229471 0.029724 0.0287012 0.0194793 0.00429175 -0.0122338 -0.0243802 -0.0274395 -0.0198432 -0.00430911 0.0127952 0.0239447 0.0239069 0.0125282 -0.00474247 
-0.022884 -0.0233112 -0.0245469 -0.0264454 -0.0287483 -0.031066 -0.0328711 -0.0335176 -0.0323035 -0.0285912 -0.021986 -0.0125495 -0.000994492 0.0112191 0.0219836 0.0289047 0.0299206 0.0240593 0.0120914 -0.00323382 -0.0176346 -0.0264822 -0.0264604 -0.0171056 -0.00148824 0.0145148 0.0243616 0.0236788 0.0125282 -0.00416094 -0.0185416 
-0.0329345 -0.0328259 -0.0324472 -0.0316421 -0.0301645 -0.0277049 -0.0239385 -0.0185983 -0.0115741 -0.00302878 0.00649463 0.0160142 0.0241481 0.0292979 0.0299919 0.0253502 0.0155613 0.00219152 -0.0118685 -0.022956 -0.0276615 -0.0240771 -0.0128153 0.00272002 0.017156 0.0249977 0.0229075 0.0114376 -0.00474247 -0.0185415 -0.0235676 
