9.50187e-320 -1.44738e-006 -1.52405e-006 -1.29802e-007 -4.46127e-007 1.25952e-006 -1.0351e-006 3.73713e-007 -1.8226e-006 -7.00154e-007 -3.43431e-007 -2.03616e-007 -8.66572e-007 -6.07565e-007 4.79446e-007 -1.07967e-006 7.02743e-007 -1.11314e-007 3.71515e-007 -3.04493e-007 2.41347e-007 -3.19387e-007 -7.1009e-007 1.95965e-006 -5.50945e-007 
-8.5243e-007 7.93009e-008 -1.17802e-006 -3.60699e-007 6.00712e-007 1.82942e-007 1.31869e-006 7.04532e-008 7.11069e-007 3.65943e-008 -5.44159e-007 2.29116e-006 1.04439e-006 1.26219e-006 1.94663e-007 1.41121e-007 1.64921e-006 1.60303e-007 8.20337e-007 -4.16608e-007 -1.31101e-006 -2.09245e-006 -2.35566e-006 1.0982e-006 -1.07739e-006 
-4.52027e-007 4.096e-007 2.08495e-006 1.11201e-006 2.41337e-006 1.15546e-007 -9.5142e-007 -4.60262e-007 -2.24217e-006 1.00096e-006 7.92583e-007 -1.7007e-006 -8.94622e-008 2.07906e-007 -6.95738e-007 2.29778e-006 -1.2305e-006 -7.67135e-007 -8.93309e-007 4.91138e-007 -3.53108e-007 -8.68446e-007 -1.14645e-006 1.05549e-006 -1.7953e-006 
4.40961e-007 -7.20687e-007 1.05805e-007 -2.6973e-006 -1.68609e-007 1.39292e-006 -2.02193e-006 1.19757e-006 2.11994e-006 -7.27271e-007 1.25956e-006 -1.68004e-006 3.35794e-007 1.43784e-007 -8.88087e-007 6.7336e-007 -1.81276e-006 2.00297e-006 1.99669e-007 -1.05862e-006 7.44566e-007 8.93912e-007 -3.51253e-007 7.23178e-007 1.09793e-006 
-1.34874e-006 -5.24676e-007 3.59868e-007 1.01998e-006 114 139 -8.49311e-007 1.59765e-006 -1.2822e-006 -9.61248e-007 -2.2818e-007 -7.71391e-007 -1.38437e-006 -1.10379e-006 5.32597e-007 9.08906e-007 6.82775e-007 -1.44709e-006 -1.25985e-006 1.29235e-006 7.93598e-007 -1.7964e-006 2.3059e-006 6.59381e-007 -9.86335e-007 
9.53884e-007 5.36555e-007 2.033e-006 -7.23415e-007 115 140 -2.21394e-007 -5.076e-007 4.22859e-007 -1.61417e-007 2.21909e-006 -1.89077e-007 9.95766e-007 -5.94633e-007 3.66548e-008 -9.03182e-007 1.54207e-006 -1.19976e-006 -1.61318e-006 -2.07526e-006 1.38578e-006 -1.31431e-006 -1.4923e-006 -7.09161e-007 1.0143e-006 
-1.05089e-006 -8.88415e-007 3.73586e-007 -1.05538e-007 -1.37639e-006 8.95048e-007 -1.63206e-006 -2.18462e-006 4.56459e-007 -9.94212e-008 4.28575e-007 -1.69727e-006 -6.78176e-007 3.93691e-007 2.43992e-007 -4.44491e-007 1.56124e-006 2.21479e-007 1.10284e-006 6.15624e-007 -8.66816e-007 1.72163e-007 1.84948e-006 -1.44721e-006 -7.25032e-007 
1.19529e-006 -5.48571e-007 -1.83672e-006 -8.89443e-007 5.06416e-007 4.02382e-007 9.8033e-007 -3.80164e-007 -7.37414e-008 -1.05264e-006 -1.1992e-006 -2.54936e-007 -1.28116e-007 2.31832e-007 7.39789e-007 7.95388e-007 8.02582e-007 -1.20169e-006 -1.4304e-007 -1.7008e-006 -1.04556e-006 -8.87172e-007 9.39084e-007 1.11862e-006 -2.15524e-007 
-5.63913e-007 -2.60261e-006 9.58383e-007 -8.34499e-007 1.97843e-007 -1.03869e-006 -1.06533e-006 -2.33264e-006 1.54273e-006 1.70666e-006 1.60333e-007 1.26283e-006 1.42086e-006 3.31705e-007 -2.55414e-007 8.92436e-007 -3.04982e-006 -1.35159e-006 -6.95749e-007 -1.39199e-006 -1.16469e-006 -9.92584e-007 -9.74583e-007 -7.52875e-007 -2.45525e-006 
1.12775e-006 5.46074e-007 -8.87736e-007 1.56592e-006 -1.12228e-007 -5.60262e-007 -1.14528e-006 -6.29327e-007 -1.92806e-007 8.11388e-007 -3.03911e-007 -6.17766e-007 -5.83242e-007 1.41476e-006 -1.00252e-006 1.45021e-006 -9.49909e-007 -6.41616e-007 -1.49483e-006 -1.40653e-006 -9.48246e-007 1.50666e-006 -1.21507e-006 1.26639e-006 -2.36977e-006 
-3.05387e-007 -7.2353e-007 -5.02058e-007 2.14276e-006 -2.38976e-006 3.20542e-007 -6.61305e-007 -6.80735e-007 4.14773e-007 8.60555e-007 -7.01433e-007 6.17787e-007 2.67902e-006 -1.74321e-006 -2.79423e-008 -1.35202e-006 2.97154e-007 4.1746e-007 1.18554e-006 9.98776e-007 1.13526e-006 -1.53225e-006 -5.94365e-007 1.08167e-006 6.6709e-008 
1.29696e-006 -6.54207e-007 -1.43944e-006 1.09245e-007 5.82286e-007 -3.79356e-007 -5.25536e-007 5.2987e-007 -1.25996e-006 5.5136e-007 5.57564e-007 -6.8253e-007 -5.05758e-007 1.776e-007 -3.19977e-007 -1.06279e-006 2.15476e-006 -1.67535e-006 1.61677e-006 3.89289e-008 -3.45272e-007 4.78476e-007 -7.37165e-008 -5.16744e-007 -5.59164e-007 
-8.12601e-007 1.77648e-006 9.08171e-007 -4.90018e-007 4.5417e-007 -8.98745e-007 5.08893e-007 -1.01117e-006 6.27965e-008 -3.90707e-007 -1.67045e-006 6.40334e-008 7.58599e-007 7.16863e-007 -1.03958e-007 1.4943e-007 -4.57283e-008 -3.14527e-007 1.28481e-006 -2.01785e-006 -9.5324e-007 -1.19752e-006 9.60462e-007 -2.21628e-006 -3.35148e-007 
-1.11738e-006 -8.16737e-007 -3.97777e-007 -9.69401e-007 1.27584e-006 2.08627e-006 -1.37396e-006 9.91403e-008 1.33714e-007 -4.04086e-007 1.66335e-006 1.25058e-006 -6.44396e-007 -1.96978e-007 1.00486e-006 1.47728e-006 3.22586e-006 8.17618e-007 7.98483e-007 -3.6544e-007 1.47048e-006 1.22738e-007 2.387e-007 2.28759e-007 -1.11893e-006 
-1.00553e-007 8.78139e-007 -2.27923e-007 -8.00078e-007 1.05345e-007 6.78223e-007 -1.77867e-006 -5.73017e-007 -8.95703e-007 -1.67235e-006 -7.7032e-007 6.89762e-007 1.18261e-006 4.61153e-007 -9.02955e-007 -1.87905e-006 -2.63839e-007 8.53968e-007 1.06348e-006 -4.98616e-007 2.24368e-006 5.40077e-008 -9.03403e-008 1.01827e-006 -1.77772e-006 
1.93324e-006 3.69726e-007 -2.72544e-007 -5.11956e-007 -7.08209e-008 5.96601e-007 -1.7246e-006 -7.2661e-007 2.45606e-006 9.44601e-007 7.99226e-007 -1.05542e-006 9.05294e-007 -1.16931e-006 4.11794e-007 -1.38488e-006 1.32686e-006 1.9539e-006 1.17333e-006 2.31267e-006 1.5433e-006 -1.62112e-007 1.75393e-006 2.01244e-006 4.72195e-007 
-1.40653e-006 1.86315e-007 -7.13933e-007 -1.42802e-006 -1.12592e-006 4.73876e-007 -1.55662e-007 -2.69973e-006 -3.54807e-007 1.79893e-006 -1.00022e-006 -4.8493e-007 9.41882e-007 -1.46114e-006 -1.67735e-007 -1.87053e-006 436 460.999 4.05355e-007 -8.77074e-009 1.27817e-006 8.93324e-008 5.41863e-007 -1.45827e-006 1.32341e-006 
-1.64748e-006 -7.977e-007 2.20706e-006 1.72574e-006 -1.23059e-006 9.35858e-007 1.67723e-006 -4.11703e-007 1.65333e-007 -7.79953e-007 -7.90997e-007 -1.21366e-006 3.97163e-007 -1.92609e-006 -6.83108e-007 -4.89932e-007 437.001 461.999 4.94832e-007 1.54946e-006 8.38084e-007 1.22127e-006 5.34013e-007 -1.16495e-006 1.39989e-006 
-1.1471e-006 -1.19936e-006 1.01796e-006 -6.82141e-007 -1.67254e-006 -1.73127e-007 -4.2445e-007 7.58617e-007 -1.77059e-006 -6.15878e-007 -5.05887e-007 1.04923e-006 -1.30489e-006 -3.45308e-007 -5.81053e-007 2.21434e-006 5.54729e-007 -1.73923e-006 5.10772e-007 -7.89226e-007 5.62027e-007 -9.68412e-007 -2.74472e-007 -9.13895e-008 8.66091e-008 
5.69642e-007 6.57508e-008 -1.55066e-006 6.44431e-007 -7.4899e-007 4.39203e-007 -2.94566e-007 9.84215e-007 -5.69582e-007 -1.10674e-006 1.93967e-006 6.14555e-007 -1.16927e-006 -9.98037e-007 1.00845e-006 -8.83148e-007 -1.7437e-006 -1.19693e-006 -5.32962e-007 -8.8816e-007 8.89001e-007 -6.11606e-007 1.80636e-007 6.0712e-007 -8.09713e-007 
-1.72057e-006 -9.02948e-007 -6.19395e-007 1.59899e-006 -4.40502e-007 -1.23612e-006 1.12351e-006 1.40409e-007 1.92479e-006 -7.63898e-007 1.54636e-006 1.01202e-006 1.98088e-006 1.11725e-006 -7.1096e-008 -1.33235e-007 6.67631e-007 -2.85519e-007 -1.02169e-006 -2.34869e-006 1.80802e-006 1.13062e-006 -1.33062e-006 8.7137e-007 1.68626e-006 
-7.91906e-007 2.11743e-006 1.31235e-006 1.50343e-006 9.95735e-007 -1.73634e-006 6.57403e-007 -1.76682e-006 4.91894e-007 -3.58725e-007 7.69904e-007 2.31681e-009 -1.48053e-006 3.07339e-007 -1.50225e-006 2.40265e-007 -2.64503e-006 -1.24991e-006 -2.44315e-006 1.69334e-006 4.46318e-007 -1.30184e-006 4.13368e-007 -3.74895e-007 -6.77112e-007 
-4.90458e-007 1.07422e-006 1.63325e-007 -4.90201e-007 -2.01069e-006 -9.52783e-007 -1.65311e-006 -9.65847e-007 -1.96508e-007 -1.33588e-007 -2.24648e-006 1.10877e-006 -7.90906e-007 -4.22084e-007 8.91667e-007 -6.12157e-007 -1.30975e-007 -7.35272e-007 1.24792e-006 -1.29639e-006 1.84483e-006 2.03587e-006 1.39272e-007 -3.58398e-007 1.23516e-006 
5.30188e-007 -5.16722e-007 -1.66311e-006 1.3385e-007 3.68975e-007 5.18966e-007 -1.39278e-006 -1.56678e-008 -1.48883e-006 -7.64742e-007 1.62201e-006 -1.47104e-006 1.77576e-006 1.95603e-007 5.47867e-007 -2.76205e-007 -1.71005e-006 8.70227e-007 1.3229e-006 -1.91329e-006 4.56147e-007 2.17638e-006 1.88841e-006 4.73323e-007 -6.52512e-007 
-1.0901e-006 1.5636e-006 8.40282e-007 -9.71386e-007 1.88198e-006 1.32442e-006 1.421e-006 -1.08997e-006 -5.74883e-007 -7.05278e-007 -5.65381e-007 5.76324e-007 -3.94578e-007 1.00489e-006 9.93563e-008 4.6943e-008 4.46239e-007 -1.29376e-006 2.04407e-007 4.74612e-007 -1.30642e-006 1.37009e-006 -1.48633e-006 9.38077e-007 -1.01383e-006 
